================================================================================
RTD Calibration Report
================================================================================

Date: 2026-01-30 15:14:12
Port: /dev/ttyACM0
Baudrate: 115200

Calibration Results:
--------------------------------------------------------------------------------
Channel | Ref Ω  | Measured Ω | Std Dev | Cal R_ref | Samples
--------------------------------------------------------------------------------
  1     | 99.82  | 99.4188    | 0.0156  | 5050.30   | 58
  2     | 99.80  | 99.2629    | 0.0185  | 5057.22   | 58
  3     | 99.85  | 99.2279    | 0.0158  | 5061.53   | 58
  4     | 99.88  | 99.2581    | 0.0164  | 5061.52   | 58
  5     | 99.87  | 99.1729    | 0.0140  | 5065.35   | 58
  6     | 99.81  | 99.0695    | 0.0149  | 5067.60   | 58
  7     | 99.76  | 98.9764    | 0.0153  | 5069.82   | 59
--------------------------------------------------------------------------------

AVERAGED CALIBRATION VALUE (written to device):
  R_ref = 5061.91 Ω
  Applied to all 7 channels

================================================================================
Raw Measurements:
================================================================================

Channel 1:
  Reference: 99.82 Ω
  Measurements: [99.42, 99.43, 99.41, 99.42, 99.43, 99.4, 99.43, 99.41, 99.42, 99.42, 99.4, 99.39, 99.41, 99.41, 99.41, 99.44, 99.43, 99.41, 99.43, 99.4, 99.41, 99.42, 99.43, 99.44, 99.41, 99.42, 99.41, 99.42, 99.4, 99.46, 99.42, 99.42, 99.4, 99.43, 99.4, 99.41, 99.44, 99.42, 99.43, 99.39, 99.4, 99.43, 99.44, 99.42, 99.43, 99.43, 99.45, 99.42, 99.42, 99.43, 99.41, 99.43, 99.41, 99.41, 99.38, 99.42, 99.45, 99.41]
  Mean: 99.4188 Ω
  Std Dev: 0.0156 Ω
  Calibrated R_ref: 5050.30 Ω

Channel 2:
  Reference: 99.8 Ω
  Measurements: [99.27, 99.26, 99.24, 99.24, 99.23, 99.24, 99.25, 99.24, 99.26, 99.25, 99.3, 99.28, 99.27, 99.24, 99.25, 99.28, 99.28, 99.24, 99.24, 99.28, 99.26, 99.27, 99.28, 99.24, 99.28, 99.25, 99.27, 99.26, 99.26, 99.26, 99.23, 99.25, 99.27, 99.27, 99.29, 99.26, 99.26, 99.26, 99.27, 99.26, 99.29, 99.24, 99.29, 99.27, 99.31, 99.26, 99.26, 99.25, 99.27, 99.28, 99.25, 99.31, 99.26, 99.26, 99.26, 99.26, 99.29, 99.25]
  Mean: 99.2629 Ω
  Std Dev: 0.0185 Ω
  Calibrated R_ref: 5057.22 Ω

Channel 3:
  Reference: 99.85 Ω
  Measurements: [99.22, 99.24, 99.22, 99.22, 99.21, 99.25, 99.22, 99.24, 99.19, 99.23, 99.2, 99.22, 99.23, 99.23, 99.23, 99.23, 99.23, 99.22, 99.21, 99.24, 99.22, 99.24, 99.21, 99.24, 99.21, 99.23, 99.23, 99.22, 99.21, 99.23, 99.19, 99.25, 99.22, 99.24, 99.22, 99.28, 99.23, 99.22, 99.22, 99.22, 99.23, 99.2, 99.24, 99.24, 99.23, 99.26, 99.23, 99.25, 99.24, 99.24, 99.22, 99.23, 99.23, 99.24, 99.22, 99.24, 99.24, 99.23]
  Mean: 99.2279 Ω
  Std Dev: 0.0158 Ω
  Calibrated R_ref: 5061.53 Ω

Channel 4:
  Reference: 99.88 Ω
  Measurements: [99.27, 99.25, 99.25, 99.25, 99.25, 99.29, 99.25, 99.25, 99.24, 99.26, 99.23, 99.24, 99.25, 99.23, 99.3, 99.26, 99.25, 99.27, 99.28, 99.26, 99.26, 99.26, 99.26, 99.27, 99.3, 99.26, 99.28, 99.25, 99.25, 99.24, 99.22, 99.26, 99.25, 99.25, 99.24, 99.25, 99.25, 99.26, 99.28, 99.25, 99.26, 99.27, 99.25, 99.24, 99.26, 99.25, 99.27, 99.27, 99.26, 99.26, 99.25, 99.25, 99.26, 99.3, 99.25, 99.28, 99.27, 99.25]
  Mean: 99.2581 Ω
  Std Dev: 0.0164 Ω
  Calibrated R_ref: 5061.52 Ω

Channel 5:
  Reference: 99.87 Ω
  Measurements: [99.16, 99.15, 99.14, 99.17, 99.17, 99.19, 99.16, 99.18, 99.17, 99.17, 99.16, 99.18, 99.15, 99.16, 99.18, 99.17, 99.17, 99.19, 99.19, 99.18, 99.18, 99.19, 99.18, 99.18, 99.2, 99.15, 99.19, 99.17, 99.17, 99.16, 99.18, 99.16, 99.2, 99.18, 99.18, 99.16, 99.15, 99.17, 99.16, 99.18, 99.18, 99.15, 99.16, 99.19, 99.17, 99.18, 99.16, 99.17, 99.19, 99.19, 99.18, 99.18, 99.18, 99.2, 99.18, 99.16, 99.17, 99.16]
  Mean: 99.1729 Ω
  Std Dev: 0.0140 Ω
  Calibrated R_ref: 5065.35 Ω

Channel 6:
  Reference: 99.81 Ω
  Measurements: [99.06, 99.05, 99.05, 99.05, 99.08, 99.07, 99.1, 99.06, 99.09, 99.08, 99.04, 99.08, 99.07, 99.05, 99.08, 99.05, 99.05, 99.06, 99.1, 99.06, 99.09, 99.08, 99.08, 99.08, 99.06, 99.07, 99.08, 99.07, 99.06, 99.09, 99.06, 99.06, 99.05, 99.07, 99.09, 99.05, 99.09, 99.07, 99.06, 99.07, 99.06, 99.05, 99.05, 99.08, 99.08, 99.08, 99.07, 99.08, 99.09, 99.05, 99.08, 99.06, 99.08, 99.09, 99.06, 99.07, 99.08, 99.06]
  Mean: 99.0695 Ω
  Std Dev: 0.0149 Ω
  Calibrated R_ref: 5067.60 Ω

Channel 7:
  Reference: 99.76 Ω
  Measurements: [98.98, 98.94, 98.99, 98.96, 98.98, 98.98, 98.96, 98.97, 98.96, 98.96, 98.99, 98.98, 98.95, 98.97, 98.97, 98.98, 98.97, 98.97, 98.98, 98.99, 98.96, 98.96, 98.98, 98.97, 98.98, 98.98, 99.0, 98.96, 98.97, 98.98, 98.98, 98.98, 98.96, 98.95, 99.01, 98.97, 98.98, 98.96, 98.98, 98.99, 98.98, 98.97, 98.99, 98.99, 98.97, 98.97, 98.97, 98.99, 98.97, 99.0, 99.03, 98.98, 98.99, 98.97, 98.98, 98.96, 98.99, 99.0, 98.98]
  Mean: 98.9764 Ω
  Std Dev: 0.0153 Ω
  Calibrated R_ref: 5069.82 Ω

