================================================================================
RTD Calibration Report
================================================================================

Date: 2026-01-30 16:22:34
Port: /dev/ttyACM0
Baudrate: 115200

Calibration Results:
--------------------------------------------------------------------------------
Channel | Ref Ω  | Measured Ω | Std Dev | Cal R_ref | Samples
--------------------------------------------------------------------------------
  1     | 99.82  | 99.4634    | 0.0166  | 5048.03   | 58
  2     | 99.80  | 99.3597    | 0.0172  | 5052.29   | 58
  3     | 99.85  | 99.3002    | 0.0180  | 5057.85   | 58
  4     | 99.88  | 99.2902    | 0.0153  | 5059.88   | 58
  5     | 99.87  | 99.2181    | 0.0206  | 5063.05   | 58
  6     | 99.81  | 99.1312    | 0.0175  | 5064.44   | 58
  7     | 99.76  | 99.0331    | 0.0164  | 5066.92   | 59
--------------------------------------------------------------------------------

AVERAGED CALIBRATION VALUE (written to device):
  R_ref = 5058.92 Ω
  Applied to all 7 channels

================================================================================
Raw Measurements:
================================================================================

Channel 1:
  Reference: 99.82 Ω
  Measurements: [99.49, 99.49, 99.45, 99.48, 99.45, 99.47, 99.46, 99.45, 99.46, 99.48, 99.46, 99.48, 99.48, 99.44, 99.46, 99.48, 99.47, 99.45, 99.46, 99.46, 99.46, 99.49, 99.44, 99.45, 99.46, 99.44, 99.46, 99.44, 99.47, 99.46, 99.44, 99.45, 99.47, 99.46, 99.45, 99.5, 99.45, 99.45, 99.45, 99.47, 99.47, 99.48, 99.48, 99.44, 99.47, 99.49, 99.47, 99.46, 99.47, 99.44, 99.48, 99.47, 99.45, 99.48, 99.47, 99.49, 99.42, 99.47]
  Mean: 99.4634 Ω
  Std Dev: 0.0166 Ω
  Calibrated R_ref: 5048.03 Ω

Channel 2:
  Reference: 99.8 Ω
  Measurements: [99.33, 99.34, 99.33, 99.38, 99.37, 99.35, 99.35, 99.34, 99.37, 99.38, 99.4, 99.34, 99.35, 99.35, 99.36, 99.37, 99.37, 99.37, 99.35, 99.39, 99.36, 99.36, 99.35, 99.37, 99.36, 99.35, 99.35, 99.38, 99.37, 99.39, 99.33, 99.35, 99.36, 99.37, 99.33, 99.37, 99.34, 99.36, 99.34, 99.35, 99.37, 99.34, 99.37, 99.35, 99.37, 99.37, 99.37, 99.35, 99.34, 99.34, 99.35, 99.36, 99.4, 99.37, 99.38, 99.38, 99.35, 99.37]
  Mean: 99.3597 Ω
  Std Dev: 0.0172 Ω
  Calibrated R_ref: 5052.29 Ω

Channel 3:
  Reference: 99.85 Ω
  Measurements: [99.31, 99.27, 99.3, 99.27, 99.27, 99.29, 99.26, 99.3, 99.29, 99.3, 99.31, 99.27, 99.31, 99.28, 99.31, 99.31, 99.29, 99.31, 99.33, 99.3, 99.29, 99.3, 99.3, 99.3, 99.31, 99.31, 99.32, 99.32, 99.27, 99.28, 99.31, 99.35, 99.3, 99.3, 99.3, 99.3, 99.31, 99.32, 99.33, 99.32, 99.28, 99.33, 99.3, 99.3, 99.29, 99.29, 99.31, 99.28, 99.32, 99.33, 99.28, 99.3, 99.31, 99.29, 99.31, 99.29, 99.29, 99.29]
  Mean: 99.3002 Ω
  Std Dev: 0.0180 Ω
  Calibrated R_ref: 5057.85 Ω

Channel 4:
  Reference: 99.88 Ω
  Measurements: [99.31, 99.31, 99.27, 99.27, 99.3, 99.26, 99.28, 99.28, 99.28, 99.3, 99.28, 99.3, 99.28, 99.27, 99.28, 99.27, 99.32, 99.29, 99.31, 99.3, 99.28, 99.29, 99.28, 99.26, 99.29, 99.29, 99.29, 99.28, 99.3, 99.3, 99.29, 99.3, 99.31, 99.27, 99.3, 99.29, 99.31, 99.3, 99.28, 99.27, 99.31, 99.31, 99.3, 99.28, 99.28, 99.31, 99.29, 99.32, 99.3, 99.31, 99.3, 99.29, 99.27, 99.29, 99.27, 99.29, 99.27, 99.3]
  Mean: 99.2902 Ω
  Std Dev: 0.0153 Ω
  Calibrated R_ref: 5059.88 Ω

Channel 5:
  Reference: 99.87 Ω
  Measurements: [99.22, 99.22, 99.21, 99.23, 99.21, 99.21, 99.2, 99.21, 99.23, 99.22, 99.2, 99.2, 99.21, 99.21, 99.24, 99.23, 99.21, 99.23, 99.22, 99.23, 99.2, 99.17, 99.23, 99.18, 99.23, 99.24, 99.22, 99.18, 99.18, 99.26, 99.23, 99.19, 99.22, 99.23, 99.24, 99.19, 99.23, 99.2, 99.24, 99.21, 99.22, 99.22, 99.18, 99.25, 99.24, 99.22, 99.22, 99.25, 99.27, 99.24, 99.22, 99.23, 99.21, 99.2, 99.24, 99.21, 99.22, 99.2]
  Mean: 99.2181 Ω
  Std Dev: 0.0206 Ω
  Calibrated R_ref: 5063.05 Ω

Channel 6:
  Reference: 99.81 Ω
  Measurements: [99.13, 99.11, 99.13, 99.1, 99.12, 99.14, 99.1, 99.12, 99.13, 99.12, 99.13, 99.12, 99.14, 99.12, 99.11, 99.13, 99.13, 99.12, 99.14, 99.12, 99.14, 99.14, 99.14, 99.12, 99.15, 99.13, 99.12, 99.11, 99.11, 99.12, 99.15, 99.11, 99.14, 99.14, 99.14, 99.15, 99.12, 99.11, 99.12, 99.15, 99.18, 99.11, 99.18, 99.13, 99.13, 99.15, 99.12, 99.13, 99.16, 99.14, 99.14, 99.11, 99.14, 99.14, 99.17, 99.15, 99.13, 99.13]
  Mean: 99.1312 Ω
  Std Dev: 0.0175 Ω
  Calibrated R_ref: 5064.44 Ω

Channel 7:
  Reference: 99.76 Ω
  Measurements: [99.02, 99.02, 99.06, 99.01, 99.07, 99.02, 99.03, 99.02, 99.02, 99.03, 99.05, 99.02, 99.01, 99.02, 99.02, 99.06, 99.04, 99.02, 99.02, 99.04, 99.0, 99.02, 99.02, 99.04, 99.03, 99.05, 99.03, 99.04, 99.02, 99.03, 99.06, 99.05, 99.03, 99.04, 99.05, 99.04, 99.02, 99.04, 99.03, 99.03, 99.04, 99.03, 99.05, 99.02, 99.07, 99.05, 99.03, 99.01, 99.03, 99.05, 99.02, 99.02, 99.04, 99.03, 99.0, 99.04, 99.06, 99.06, 99.03]
  Mean: 99.0331 Ω
  Std Dev: 0.0164 Ω
  Calibrated R_ref: 5066.92 Ω

