================================================================================
RTD Calibration Report
================================================================================

Date: 2026-02-04 11:45:09
Port: /dev/ttyACM0
Baudrate: 115200

Calibration Results:
--------------------------------------------------------------------------------
Channel | Ref Ω  | Measured Ω | Std Dev | Cal R_ref | Samples
--------------------------------------------------------------------------------
  1     | 99.82  | 99.4110    | 0.0175  | 5050.69   | 58
  2     | 99.80  | 99.2953    | 0.0172  | 5055.56   | 58
  3     | 99.85  | 99.2334    | 0.0179  | 5061.25   | 58
  4     | 99.88  | 99.2291    | 0.0158  | 5062.99   | 58
  5     | 99.87  | 99.1734    | 0.0169  | 5065.33   | 58
  6     | 99.81  | 99.0571    | 0.0157  | 5068.23   | 58
  7     | 99.76  | 98.9808    | 0.0162  | 5069.59   | 59
--------------------------------------------------------------------------------

AVERAGED CALIBRATION VALUE (written to device):
  R_ref = 5061.95 Ω
  Applied to all 7 channels

================================================================================
Raw Measurements:
================================================================================

Channel 1:
  Reference: 99.82 Ω
  Measurements: [99.42, 99.39, 99.41, 99.39, 99.4, 99.38, 99.41, 99.42, 99.43, 99.42, 99.4, 99.41, 99.42, 99.4, 99.45, 99.43, 99.43, 99.39, 99.39, 99.4, 99.43, 99.4, 99.37, 99.4, 99.46, 99.41, 99.41, 99.41, 99.41, 99.39, 99.42, 99.4, 99.4, 99.45, 99.4, 99.43, 99.42, 99.42, 99.42, 99.42, 99.38, 99.42, 99.4, 99.4, 99.41, 99.42, 99.39, 99.4, 99.42, 99.4, 99.44, 99.42, 99.42, 99.42, 99.42, 99.4, 99.4, 99.42]
  Mean: 99.4110 Ω
  Std Dev: 0.0175 Ω
  Calibrated R_ref: 5050.69 Ω

Channel 2:
  Reference: 99.8 Ω
  Measurements: [99.3, 99.3, 99.31, 99.3, 99.3, 99.29, 99.3, 99.29, 99.31, 99.31, 99.29, 99.29, 99.28, 99.28, 99.32, 99.26, 99.28, 99.28, 99.28, 99.3, 99.3, 99.3, 99.32, 99.29, 99.31, 99.29, 99.3, 99.3, 99.3, 99.33, 99.29, 99.31, 99.29, 99.28, 99.29, 99.28, 99.27, 99.31, 99.29, 99.31, 99.31, 99.31, 99.23, 99.28, 99.31, 99.27, 99.29, 99.29, 99.31, 99.28, 99.3, 99.3, 99.27, 99.3, 99.3, 99.32, 99.33, 99.3]
  Mean: 99.2953 Ω
  Std Dev: 0.0172 Ω
  Calibrated R_ref: 5055.56 Ω

Channel 3:
  Reference: 99.85 Ω
  Measurements: [99.22, 99.22, 99.26, 99.23, 99.23, 99.23, 99.22, 99.21, 99.26, 99.22, 99.21, 99.23, 99.22, 99.2, 99.24, 99.23, 99.24, 99.22, 99.28, 99.23, 99.23, 99.24, 99.24, 99.26, 99.24, 99.24, 99.21, 99.25, 99.23, 99.24, 99.22, 99.26, 99.27, 99.24, 99.24, 99.22, 99.27, 99.25, 99.23, 99.24, 99.22, 99.26, 99.23, 99.2, 99.25, 99.22, 99.22, 99.22, 99.21, 99.2, 99.25, 99.24, 99.24, 99.23, 99.22, 99.23, 99.23, 99.25]
  Mean: 99.2334 Ω
  Std Dev: 0.0179 Ω
  Calibrated R_ref: 5061.25 Ω

Channel 4:
  Reference: 99.88 Ω
  Measurements: [99.22, 99.21, 99.2, 99.22, 99.24, 99.22, 99.21, 99.23, 99.21, 99.25, 99.23, 99.21, 99.24, 99.22, 99.21, 99.23, 99.26, 99.22, 99.22, 99.25, 99.22, 99.23, 99.21, 99.26, 99.22, 99.22, 99.26, 99.25, 99.22, 99.23, 99.27, 99.22, 99.24, 99.24, 99.22, 99.26, 99.22, 99.22, 99.24, 99.24, 99.23, 99.22, 99.24, 99.22, 99.23, 99.24, 99.22, 99.24, 99.2, 99.21, 99.23, 99.22, 99.23, 99.23, 99.22, 99.23, 99.25, 99.24]
  Mean: 99.2291 Ω
  Std Dev: 0.0158 Ω
  Calibrated R_ref: 5062.99 Ω

Channel 5:
  Reference: 99.87 Ω
  Measurements: [99.18, 99.17, 99.19, 99.16, 99.18, 99.17, 99.17, 99.19, 99.14, 99.16, 99.17, 99.19, 99.19, 99.18, 99.16, 99.18, 99.15, 99.17, 99.18, 99.15, 99.18, 99.16, 99.18, 99.16, 99.19, 99.17, 99.17, 99.14, 99.2, 99.17, 99.21, 99.18, 99.17, 99.16, 99.15, 99.18, 99.14, 99.19, 99.15, 99.19, 99.15, 99.17, 99.16, 99.18, 99.18, 99.22, 99.17, 99.18, 99.19, 99.17, 99.16, 99.18, 99.17, 99.18, 99.18, 99.18, 99.16, 99.21]
  Mean: 99.1734 Ω
  Std Dev: 0.0169 Ω
  Calibrated R_ref: 5065.33 Ω

Channel 6:
  Reference: 99.81 Ω
  Measurements: [99.03, 99.06, 99.04, 99.08, 99.06, 99.06, 99.05, 99.04, 99.06, 99.06, 99.05, 99.07, 99.08, 99.04, 99.06, 99.04, 99.05, 99.08, 99.05, 99.06, 99.06, 99.06, 99.05, 99.05, 99.05, 99.04, 99.04, 99.06, 99.03, 99.04, 99.02, 99.07, 99.06, 99.04, 99.07, 99.05, 99.07, 99.07, 99.07, 99.09, 99.08, 99.1, 99.06, 99.05, 99.05, 99.07, 99.07, 99.04, 99.08, 99.07, 99.05, 99.04, 99.04, 99.05, 99.07, 99.06, 99.06, 99.06]
  Mean: 99.0571 Ω
  Std Dev: 0.0157 Ω
  Calibrated R_ref: 5068.23 Ω

Channel 7:
  Reference: 99.76 Ω
  Measurements: [98.99, 98.97, 98.99, 98.96, 98.97, 98.97, 98.94, 98.97, 99.0, 98.96, 98.99, 98.99, 98.97, 98.97, 98.96, 98.97, 98.96, 98.98, 98.97, 99.0, 98.99, 99.01, 98.97, 98.95, 99.0, 98.98, 98.96, 99.0, 98.98, 98.98, 98.98, 99.0, 98.98, 98.98, 98.99, 98.96, 98.98, 99.01, 98.97, 99.0, 98.97, 98.99, 99.01, 98.96, 99.0, 98.97, 98.97, 98.99, 99.0, 98.99, 99.0, 99.0, 98.97, 98.98, 98.98, 99.0, 98.99, 98.96, 98.99]
  Mean: 98.9808 Ω
  Std Dev: 0.0162 Ω
  Calibrated R_ref: 5069.59 Ω

