================================================================================
RTD Calibration Report
================================================================================

Date: 2026-02-04 11:13:27
Port: /dev/ttyACM0
Baudrate: 115200

Calibration Results:
--------------------------------------------------------------------------------
Channel | Ref Ω  | Measured Ω | Std Dev | Cal R_ref | Samples
--------------------------------------------------------------------------------
  1     | 99.82  | 99.5072    | 0.0159  | 5061.04   | 58
  2     | 99.80  | 99.3614    | 0.0154  | 5067.45   | 58
  3     | 99.85  | 99.3564    | 0.0164  | 5070.25   | 58
  4     | 99.88  | 99.3591    | 0.0181  | 5071.63   | 58
  5     | 99.87  | 99.3184    | 0.0151  | 5073.20   | 58
  6     | 99.81  | 99.1848    | 0.0137  | 5076.98   | 58
  7     | 99.76  | 99.1234    | 0.0177  | 5077.58   | 59
--------------------------------------------------------------------------------

AVERAGED CALIBRATION VALUE (written to device):
  R_ref = 5071.16 Ω
  Applied to all 7 channels

================================================================================
Raw Measurements:
================================================================================

Channel 1:
  Reference: 99.82 Ω
  Measurements: [99.49, 99.5, 99.51, 99.52, 99.49, 99.49, 99.51, 99.5, 99.48, 99.49, 99.5, 99.5, 99.49, 99.51, 99.49, 99.49, 99.51, 99.52, 99.53, 99.49, 99.5, 99.49, 99.51, 99.52, 99.53, 99.51, 99.49, 99.51, 99.53, 99.51, 99.5, 99.55, 99.48, 99.52, 99.52, 99.51, 99.49, 99.53, 99.52, 99.49, 99.49, 99.5, 99.52, 99.49, 99.53, 99.51, 99.53, 99.53, 99.49, 99.5, 99.51, 99.51, 99.49, 99.52, 99.53, 99.52, 99.51, 99.52]
  Mean: 99.5072 Ω
  Std Dev: 0.0159 Ω
  Calibrated R_ref: 5061.04 Ω

Channel 2:
  Reference: 99.8 Ω
  Measurements: [99.35, 99.34, 99.37, 99.34, 99.35, 99.36, 99.36, 99.34, 99.35, 99.37, 99.36, 99.35, 99.35, 99.36, 99.36, 99.35, 99.34, 99.38, 99.37, 99.36, 99.37, 99.36, 99.38, 99.37, 99.36, 99.34, 99.33, 99.35, 99.35, 99.33, 99.37, 99.36, 99.38, 99.38, 99.36, 99.37, 99.37, 99.36, 99.38, 99.37, 99.38, 99.39, 99.38, 99.35, 99.36, 99.36, 99.39, 99.36, 99.38, 99.33, 99.36, 99.35, 99.38, 99.36, 99.38, 99.38, 99.34, 99.38]
  Mean: 99.3614 Ω
  Std Dev: 0.0154 Ω
  Calibrated R_ref: 5067.45 Ω

Channel 3:
  Reference: 99.85 Ω
  Measurements: [99.34, 99.36, 99.34, 99.36, 99.37, 99.34, 99.38, 99.33, 99.37, 99.34, 99.35, 99.35, 99.39, 99.38, 99.35, 99.36, 99.36, 99.36, 99.35, 99.35, 99.34, 99.34, 99.37, 99.37, 99.38, 99.34, 99.35, 99.39, 99.35, 99.35, 99.36, 99.34, 99.35, 99.35, 99.35, 99.37, 99.33, 99.35, 99.35, 99.36, 99.32, 99.38, 99.37, 99.36, 99.35, 99.33, 99.35, 99.37, 99.36, 99.35, 99.38, 99.39, 99.37, 99.34, 99.33, 99.37, 99.36, 99.37]
  Mean: 99.3564 Ω
  Std Dev: 0.0164 Ω
  Calibrated R_ref: 5070.25 Ω

Channel 4:
  Reference: 99.88 Ω
  Measurements: [99.38, 99.31, 99.35, 99.37, 99.38, 99.37, 99.38, 99.36, 99.38, 99.36, 99.35, 99.39, 99.32, 99.36, 99.35, 99.37, 99.37, 99.35, 99.34, 99.35, 99.37, 99.37, 99.37, 99.35, 99.34, 99.35, 99.34, 99.36, 99.35, 99.35, 99.32, 99.38, 99.36, 99.35, 99.35, 99.34, 99.36, 99.39, 99.35, 99.37, 99.36, 99.34, 99.33, 99.4, 99.36, 99.36, 99.36, 99.34, 99.37, 99.35, 99.37, 99.38, 99.37, 99.37, 99.34, 99.39, 99.36, 99.37]
  Mean: 99.3591 Ω
  Std Dev: 0.0181 Ω
  Calibrated R_ref: 5071.63 Ω

Channel 5:
  Reference: 99.87 Ω
  Measurements: [99.33, 99.34, 99.31, 99.3, 99.32, 99.33, 99.31, 99.31, 99.32, 99.32, 99.33, 99.3, 99.33, 99.32, 99.3, 99.32, 99.3, 99.31, 99.3, 99.29, 99.31, 99.31, 99.31, 99.32, 99.31, 99.33, 99.32, 99.34, 99.31, 99.33, 99.32, 99.32, 99.3, 99.34, 99.29, 99.31, 99.33, 99.31, 99.3, 99.33, 99.31, 99.31, 99.32, 99.33, 99.31, 99.34, 99.34, 99.31, 99.31, 99.32, 99.32, 99.33, 99.33, 99.37, 99.34, 99.3, 99.34, 99.31]
  Mean: 99.3184 Ω
  Std Dev: 0.0151 Ω
  Calibrated R_ref: 5073.20 Ω

Channel 6:
  Reference: 99.81 Ω
  Measurements: [99.21, 99.19, 99.19, 99.17, 99.16, 99.18, 99.17, 99.2, 99.2, 99.18, 99.2, 99.17, 99.22, 99.18, 99.19, 99.18, 99.18, 99.19, 99.19, 99.19, 99.18, 99.2, 99.19, 99.18, 99.17, 99.16, 99.19, 99.21, 99.15, 99.19, 99.17, 99.17, 99.19, 99.2, 99.18, 99.19, 99.19, 99.17, 99.19, 99.2, 99.19, 99.18, 99.2, 99.18, 99.2, 99.21, 99.17, 99.18, 99.19, 99.17, 99.18, 99.17, 99.19, 99.18, 99.18, 99.18, 99.17, 99.19]
  Mean: 99.1848 Ω
  Std Dev: 0.0137 Ω
  Calibrated R_ref: 5076.98 Ω

Channel 7:
  Reference: 99.76 Ω
  Measurements: [99.12, 99.14, 99.14, 99.11, 99.11, 99.11, 99.1, 99.11, 99.12, 99.09, 99.1, 99.13, 99.12, 99.11, 99.14, 99.12, 99.11, 99.12, 99.14, 99.14, 99.11, 99.12, 99.11, 99.11, 99.14, 99.11, 99.1, 99.12, 99.12, 99.13, 99.09, 99.12, 99.11, 99.1, 99.15, 99.13, 99.14, 99.12, 99.12, 99.17, 99.12, 99.15, 99.08, 99.12, 99.13, 99.13, 99.12, 99.16, 99.16, 99.13, 99.15, 99.12, 99.13, 99.13, 99.13, 99.14, 99.13, 99.13, 99.12]
  Mean: 99.1234 Ω
  Std Dev: 0.0177 Ω
  Calibrated R_ref: 5077.58 Ω

